header: 
  seq: 36693
  stamp: 
    secs: 1223
    nsecs: 134000000
  frame_id: "odom"
child_frame_id: "base_footprint"
pose: 
  pose: 
    position: 
      x: -0.16448234254225205
      y: 0.9062097890744207
      z: -0.0010005650169005106
    orientation: 
      x: 2.1454857491206792e-06
      y: 0.0038471655192281705
      z: -0.002165266806327108
      w: 0.9999902554187827
  covariance: [1e-05, 0.0, 0.0, 0.0, 0.0, 0.0, 0.0, 1e-05, 0.0, 0.0, 0.0, 0.0, 0.0, 0.0, 1000000000000.0, 0.0, 0.0, 0.0, 0.0, 0.0, 0.0, 1000000000000.0, 0.0, 0.0, 0.0, 0.0, 0.0, 0.0, 1000000000000.0, 0.0, 0.0, 0.0, 0.0, 0.0, 0.0, 0.001]
twist: 
  twist: 
    linear: 
      x: -2.5294875237265725e-05
      y: 0.00016393460755694973
      z: 0.0
    angular: 
      x: 0.0
      y: 0.0
      z: 0.002486375674234745
  covariance: [0.0, 0.0, 0.0, 0.0, 0.0, 0.0, 0.0, 0.0, 0.0, 0.0, 0.0, 0.0, 0.0, 0.0, 0.0, 0.0, 0.0, 0.0, 0.0, 0.0, 0.0, 0.0, 0.0, 0.0, 0.0, 0.0, 0.0, 0.0, 0.0, 0.0, 0.0, 0.0, 0.0, 0.0, 0.0, 0.0]
---
