header: 
  seq: 2
  stamp: 
    secs: 1169
    nsecs: 316000000
  frame_id: "base_scan"
angle_min: 0.0
angle_max: 6.28318977355957
angle_increment: 0.017501922324299812
time_increment: 0.0
scan_time: 0.0
range_min: 0.11999999731779099
range_max: 3.5
ranges: [0.2206122726202011, 0.22530923783779144, 0.20477613806724548, 0.2179964780807495, 0.22247612476348877, 0.236483633518219, 0.22727036476135254, 0.19708098471164703, 0.23008625209331512, 0.2302333265542984, 0.22796371579170227, 0.2191655933856964, 0.2189522534608841, 0.22513313591480255, 0.2408365160226822, 0.2163987010717392, 0.22724799811840057, 0.20788754522800446, 0.23405826091766357, 0.23868513107299805, 0.22334784269332886, 0.21325963735580444, 0.24001526832580566, 0.2515885531902313, 0.22783957421779633, 0.2224341183900833, 0.2013823240995407, 0.19933240115642548, 0.20366956293582916, 0.19275206327438354, 0.2027939409017563, 0.18414922058582306, 0.16405373811721802, 0.1697143167257309, 0.15534380078315735, 0.179798886179924, 0.16222204267978668, 0.17111922800540924, 0.1683925837278366, 0.16030211746692657, 0.1374475508928299, 0.15416529774665833, 0.14878451824188232, 0.13252003490924835, 0.12978094816207886, 0.1368580013513565, 0.12243512272834778, 0.134052574634552, 0.1312696486711502, 0.12836645543575287, 0.12682928144931793, 0.12314019352197647, 0.36332306265830994, 0.3475673198699951, 0.38513433933258057, 0.1276698261499405, 0.12031099200248718, 0.12386474758386612, 0.11999999731779099, 0.13572551310062408, 0.15154388546943665, 0.14489158987998962, 0.1374252289533615, 0.15608522295951843, 0.1758706122636795, 0.1547749787569046, 0.18771961331367493, 0.1813538521528244, 0.19813674688339233, 0.1895057111978531, 0.2076517939567566, 0.19539113342761993, 0.21403978765010834, 0.25184330344200134, 0.24349823594093323, 0.2611609101295471, 0.2769932746887207, 0.3151463270187378, 0.3503298759460449, 0.36780670285224915, 0.3996320366859436, 0.4511571228504181, 0.503656268119812, 0.5803079009056091, 0.6577807664871216, 0.7783036231994629, 0.9988216161727905, 1.3141043186187744, 2.0248923301696777, inf, inf, inf, inf, inf, inf, inf, inf, inf, inf, inf, inf, inf, inf, inf, inf, inf, inf, inf, inf, inf, inf, inf, inf, inf, inf, inf, inf, inf, inf, inf, inf, inf, inf, inf, inf, inf, inf, inf, inf, inf, inf, inf, inf, 2.594632863998413, inf, inf, inf, inf, inf, inf, inf, inf, inf, inf, inf, inf, inf, 2.0871198177337646, inf, inf, inf, inf, inf, inf, inf, inf, inf, inf, inf, inf, 3.3115696907043457, inf, inf, inf, inf, inf, inf, inf, inf, inf, inf, inf, inf, inf, inf, inf, inf, inf, inf, inf, inf, inf, inf, inf, inf, inf, inf, inf, inf, inf, inf, inf, inf, inf, inf, inf, inf, 3.394122362136841, 3.2079875469207764, 3.029475450515747, 2.910771608352661, 2.7727112770080566, 2.6546945571899414, 2.54351806640625, 2.444549322128296, 2.3601372241973877, 2.2720181941986084, 2.196512460708618, 2.1244466304779053, 2.042984962463379, 1.9809592962265015, 1.9126801490783691, 1.889272689819336, 1.8172798156738281, 1.782628059387207, 1.7248096466064453, 1.713202714920044, 1.656364917755127, 1.613507866859436, 1.6037782430648804, 1.5595225095748901, 1.5165209770202637, 1.5006576776504517, 1.4634836912155151, 1.4236708879470825, 1.4020167589187622, 1.3730816841125488, 1.3572795391082764, 1.3484470844268799, 1.32376229763031, 1.2973774671554565, 1.2903913259506226, 1.2873615026474, 1.2653861045837402, 1.234256386756897, 1.216558575630188, 1.206282377243042, 1.21477472782135, 1.154599905014038, 1.1625131368637085, 1.156833529472351, 1.1501516103744507, 1.1356464624404907, 1.1406534910202026, 1.1116329431533813, 1.0787197351455688, 1.1008734703063965, 1.0922696590423584, 1.0848699808120728, 1.0739141702651978, 1.0545779466629028, 1.0736852884292603, 1.0476511716842651, 1.0444995164871216, 1.0455092191696167, 1.0314041376113892, 1.0394246578216553, 1.0372166633605957, 1.0291311740875244, 1.0459356307983398, 1.033341884613037, 1.0083941221237183, 1.0116304159164429, 1.022094488143921, 1.0190802812576294, 0.9985778331756592, 1.0079971551895142, 0.9985077381134033, 1.0011883974075317, 0.9940841794013977, 1.0153764486312866, 1.0173954963684082, 1.0054924488067627, 1.0153584480285645, 0.9843868017196655, 1.0156434774398804, 1.0304888486862183, 1.0054422616958618, 1.0241175889968872, 1.017897367477417, 1.0176252126693726, 1.0268274545669556, 1.0267345905303955, 1.019291877746582, 1.0354000329971313, 1.0473769903182983, 1.0553959608078003, 1.049777865409851, 1.0594019889831543, 1.0750244855880737, 1.066389799118042, 1.0677376985549927, 1.0842584371566772, 1.1167128086090088, 1.1002697944641113, 1.1161421537399292, 1.1280145645141602, 1.1166877746582031, 1.1213195323944092, 1.161212682723999, 1.1648811101913452, 1.1703951358795166, 1.1943984031677246, 1.1970399618148804, 1.218174695968628, 1.2250118255615234, 1.2423869371414185, 1.2727437019348145, 1.308611512184143, 1.318774700164795, inf, inf, inf, inf, inf, inf, inf, inf, inf, inf, inf, inf, inf, inf, inf, inf, inf, 2.071316957473755, 2.059858560562134, 2.0360219478607178, 2.049344062805176, 2.120405673980713, 0.11999999731779099, 0.13343173265457153, 0.1280549019575119, 0.14605461061000824, 0.14303770661354065, 0.13707958161830902, 0.1663447618484497, 0.1664152294397354, 0.1724715679883957, 0.17837710678577423, 0.18511199951171875, 0.19611547887325287, 0.21257172524929047, 0.23533013463020325, 0.24117279052734375, 0.22493764758110046, 0.2390013188123703, 0.22923487424850464, 0.22607770562171936, 0.2195039838552475, 0.22308173775672913, 0.22825515270233154, 0.23453055322170258, 0.22603799402713776, 0.2266896665096283, 0.21667909622192383, 0.227567657828331, 0.23030829429626465]
intensities: [0.0, 0.0, 0.0, 0.0, 0.0, 0.0, 0.0, 0.0, 0.0, 0.0, 0.0, 0.0, 0.0, 0.0, 0.0, 0.0, 0.0, 0.0, 0.0, 0.0, 0.0, 0.0, 0.0, 0.0, 0.0, 0.0, 0.0, 0.0, 0.0, 0.0, 0.0, 0.0, 0.0, 0.0, 0.0, 0.0, 0.0, 0.0, 0.0, 0.0, 0.0, 0.0, 0.0, 0.0, 0.0, 0.0, 0.0, 0.0, 0.0, 0.0, 0.0, 0.0, 0.0, 0.0, 0.0, 0.0, 0.0, 0.0, 0.0, 0.0, 0.0, 0.0, 0.0, 0.0, 0.0, 0.0, 0.0, 0.0, 0.0, 0.0, 0.0, 0.0, 0.0, 0.0, 0.0, 0.0, 0.0, 0.0, 0.0, 0.0, 0.0, 0.0, 0.0, 0.0, 0.0, 0.0, 0.0, 0.0, 0.0, 0.0, 0.0, 0.0, 0.0, 0.0, 0.0, 0.0, 0.0, 0.0, 0.0, 0.0, 0.0, 0.0, 0.0, 0.0, 0.0, 0.0, 0.0, 0.0, 0.0, 0.0, 0.0, 0.0, 0.0, 0.0, 0.0, 0.0, 0.0, 0.0, 0.0, 0.0, 0.0, 0.0, 0.0, 0.0, 0.0, 0.0, 0.0, 0.0, 0.0, 0.0, 0.0, 0.0, 0.0, 0.0, 0.0, 0.0, 0.0, 0.0, 0.0, 0.0, 0.0, 0.0, 0.0, 0.0, 0.0, 0.0, 0.0, 0.0, 0.0, 0.0, 0.0, 0.0, 0.0, 0.0, 0.0, 0.0, 0.0, 0.0, 0.0, 0.0, 0.0, 0.0, 0.0, 0.0, 0.0, 0.0, 0.0, 0.0, 0.0, 0.0, 0.0, 0.0, 0.0, 0.0, 0.0, 0.0, 0.0, 0.0, 0.0, 0.0, 0.0, 0.0, 0.0, 0.0, 0.0, 0.0, 0.0, 0.0, 0.0, 0.0, 0.0, 0.0, 0.0, 0.0, 0.0, 0.0, 0.0, 0.0, 0.0, 0.0, 0.0, 0.0, 0.0, 0.0, 0.0, 0.0, 0.0, 0.0, 0.0, 0.0, 0.0, 0.0, 0.0, 0.0, 0.0, 0.0, 0.0, 0.0, 0.0, 0.0, 0.0, 0.0, 0.0, 0.0, 0.0, 0.0, 0.0, 0.0, 0.0, 0.0, 0.0, 0.0, 0.0, 0.0, 0.0, 0.0, 0.0, 0.0, 0.0, 0.0, 0.0, 0.0, 0.0, 0.0, 0.0, 0.0, 0.0, 0.0, 0.0, 0.0, 0.0, 0.0, 0.0, 0.0, 0.0, 0.0, 0.0, 0.0, 0.0, 0.0, 0.0, 0.0, 0.0, 0.0, 0.0, 0.0, 0.0, 0.0, 0.0, 0.0, 0.0, 0.0, 0.0, 0.0, 0.0, 0.0, 0.0, 0.0, 0.0, 0.0, 0.0, 0.0, 0.0, 0.0, 0.0, 0.0, 0.0, 0.0, 0.0, 0.0, 0.0, 0.0, 0.0, 0.0, 0.0, 0.0, 0.0, 0.0, 0.0, 0.0, 0.0, 0.0, 0.0, 0.0, 0.0, 0.0, 0.0, 0.0, 0.0, 0.0, 0.0, 0.0, 0.0, 0.0, 0.0, 0.0, 0.0, 0.0, 0.0, 0.0, 0.0, 0.0, 0.0, 0.0, 0.0, 0.0, 0.0, 0.0, 0.0, 0.0, 0.0, 0.0, 0.0, 0.0, 0.0, 0.0, 0.0, 0.0, 0.0, 0.0, 0.0, 0.0, 0.0, 0.0, 0.0, 0.0, 0.0, 0.0, 0.0, 0.0, 0.0, 0.0, 0.0, 0.0, 0.0, 0.0, 0.0, 0.0, 0.0, 0.0]
---
